DV1 : 2.098165382653767 km/sec
DV2 : 1.340617999664432 km/sec
TOF : 19709.754279320045 sec = 5.474931744255568 hr
Phase Angle : 97.45018707236412 deg
Synodic Period : 7721.0128861138755 sec = 2.1447258016982986 hr
