
t=2
answer=6/5*(1/2+1/2*sin(3/20*t^2))*t+9/25*cos(3/20*t^2)*t^2

