Combined plane change at apoapsis
V1 : 7.058687023802657 , V2 : 3.0748123621805927 km/sec
VT1 : 9.151883036731967 , VT2 : 1.7366001967233344 km/sec
DV1 : 2.093196012929308 km/sec
DV2 : 1.794877543292608 km/sec
Beta (outofplane) : 58.931632657244315 deg
