V1 : 7.058687023802657 km/sec
V2 : 1.8225451526185388 km/sec

Bielliptical transfer
VT1a : 9.842868787717443 km/sec
DV1 : 2.784181763914786 km/sec

VT2a : 0.2812248225062107 km/sec
VT2b : 0.924199074102235 km/sec
DV2 : 0.6429742515960243 km/sec

VT3b : 2.156464506238548 km/sec
DV3 : 0.33391935362000935 km/sec

TOF : 716977.260191342 sec

Hohmann Transfer
VT1 : 9.6655052732643 km/sec
VT2 : 0.6443670182176195 km/sec
DV1 : 2.606818249461643 km/sec
DV2 : 1.1781781344009192 km/sec
TOF : 80565.83528446438 sec
